412.41845140033     231.67330677290852
4128.41845140033     231.67330677290852
4531.878088962106     193.0278884462154
4935.337726523881     161.95219123506007
5534.019769357485     130.0796812749008
5950.494233937382     114.94023904382513
6549.176276770985     98.20717131474149
7356.095551894537     84.26294820717177
7954.77759472814     77.49003984063796
8566.474464579864     73.50597609561802
9373.393739703417     70.71713147410412
10193.32784184509     69.92031872510012
11000.247116968643     71.1155378486061
12210.62602965397     75.49800796812798
13837.479406919196     86.25498007968179
15256.095551894472     98.20717131474149
16466.4744645798     110.55776892430322
17273.39373970335     119.32270916334704
18887.232289950454     140.83665338645454
20097.611202635784     158.36653386454213
21125.782537067404     174.7011952191238
30000.782537067404     174.7011952191238
