0.0    0.218295627331    
0.1    0.249056423859    
0.2    0.287104418451    
0.3    0.329567530646    
0.4    0.376198210965    
0.5    0.426692279263    
0.6    0.479950657435    
0.7    0.534831964795    
0.8    0.589178179388    
0.9    0.640535383579    
1.0    0.686037612282    
1.1    0.723178391194    
1.2    0.749490710152    
1.3    0.763949149987    
1.4    0.765811346301    
1.5    0.756043123009    
1.6    0.736584324802    
1.7    0.709373826398    
1.8    0.676748093973    
1.9    0.640659438231    
2.0    0.602657314567    
2.1    0.564327310361    
2.2    0.526540587149    
2.3    0.489816696065    
2.4    0.454676544907    
2.5    0.421393249604    

