1000.0           -17.1520558124    
5000.0           -17.1520558124    
12500.0          -17.8615759888    
19783.2000256    -18.2915806327    
23178.2007217    -18.5111141253    
29573.2998848    -18.853901825     
33814.2991066    -19.0194838008    
37732.7990532    -19.0983268995    
39617.1998978    -19.0422957491    
41595.6020355    -19.0354430652    
45853.8007736    -18.8414102448    
53072.2999573    -18.5913453609    
64494.7004318    -18.2196746195    
82289.4001007    -18.0214791744    
112955.999374    -17.9031668192    
147677.001953    -18.0048260289    
215443.000793    -18.3000783514    
274887.008667    -18.5445087255    
377327.9953      -18.950786271     
487337.989807    -19.3041555118    
685455.01709     -19.8627493009    
975927.963257    -20.4319213321    
1588760.0708     -21.2978251742    
2524160.00366    -22.1753532966    
3143070.06836    -22.5953346927    

